
        ORIGINAL                         SPRITE                 TARGE HEIGHT (PIXELS)      1     SPRITE                 TARGE HEIGHT (PIXELS)      10    SPRITE                 TARGE HEIGHT (PIXELS)      30    SPRITE                 TARGE HE
           X1      Y1   WIDTH   HEIGHT     W       H               X1      Y1   WIDTH   HEIGHT     W       H               X1      Y1   WIDTH   HEIGHT     W       H               X1      Y1   WIDTH   HEIGHT     W       H               X1
   A           0       0     230     230    7800    7800   A           0       0       1       1      34      34   A           0       0      10      10     338     338   A           0       0      30      30    1018    1018   A           0
             267       0    1000     230    7800    7800             1.2       0     4.4       1      34      34            11.6       0    43.3      10     338     338            34.7       0   130.5      30    1018    1018            86.7
   B        6531       0     230     230    7800    7800   B        28.4       0       1       1      34      34   B         283       0      10      10     338     338   B       852.1       0      30      30    1018    1018   B      2128.4
            6797       0    1002     230    7800    7800            29.6       0     4.4       1      34      34           294.5       0    43.4      10     338     338           886.8       0   130.7      30    1018    1018          2215.1
   C        6523    7569     230     230    7800    7800   C        28.4    32.9       1       1      34      34   C       282.7     328      10      10     338     338   C       851.1   987.5      30      30    1018    1018   C      2125.8
            6789    7569    1010     230    7800    7800            29.5    32.9     4.4       1      34      34           294.2     328    43.8      10     338     338           885.8   987.5   131.8      30    1018    1018          2212.5
   D           0    7569     230     230    7800    7800   D           0    32.9       1       1      34      34   D           0     328      10      10     338     338   D           0   987.5      30      30    1018    1018   D           0
             267    7569    1000     230    7800    7800             1.2    32.9     4.4       1      34      34            11.6     328    43.3      10     338     338            34.7   987.5   130.5      30    1018    1018            86.7
   E        3300    2590     230     230    7800    7800   E        14.4    11.3       1       1      34      34   E         143   112.2      10      10     338     338   E       430.6   337.9      30      30    1018    1018   E      1075.5
            3566    2590    1000     230    7800    7800            15.5    11.3     4.4       1      34      34           154.5   112.2    43.3      10     338     338           465.3   337.9   130.5      30    1018    1018          1162.1
   F        3300    3913     230     230    7800    7800   F        14.4      17       1       1      34      34   F         143   169.6      10      10     338     338   F       430.6   510.5      30      30    1018    1018   F      1075.5
            3566    3913    1000     230    7800    7800            15.5      17     4.4       1      34      34           154.5   169.6    43.3      10     338     338           465.3   510.5   130.5      30    1018    1018          1162.2
   G        3300    5299     230     230    7800    7800   G        14.4    23.1       1       1      34      34   G         143   229.6      10      10     338     338   G       430.6   691.4      30      30    1018    1018   G      1075.5
            3566    5299    1000     230    7800    7800            15.5    23.1     4.4       1      34      34           154.5   229.6    43.3      10     338     338           465.3   691.4   130.5      30    1018    1018          1162.2

                   75    SPRITE                 TARGE HEIGHT (PIXELS)     230    SPRITE                 TARGE HEIGHT E            420    SPRITE                 TARGE HEIGHT F            460    SPRITE
   Y1   WIDTH   HEIGHT     W       H               X1      Y1   WIDTH   HEIGHT     W       H               X1      Y1   WIDTH   HEIGHT     W       H               X1      Y1   WIDTH   HEIGHT     W       H
       0      75      75    2542    2542   A           0       0     230     230    7800    7800   A           0       0     420     420   14244   14244   A           0       0     460     460   15600   15600
       0   325.9      75    2542    2542             266       0    1000     230    7800    7800           485.7       0    1826     420   14244   14244             532       0    2000     460   15600   15600
       0      75      75    2542    2542   B        6531       0     230     230    7800    7800   B     11925.8       0     420     420   14244   14244   B       13062       0     460     460   15600   15600
       0   326.5      75    2542    2542            6797       0    1002     230    7800    7800         12411.5       0  1829.6     420   14244   14244           13594       0  2003.9     460   15600   15600
  2466.7      75      75    2542    2542   C        6523    7569     230     230    7800    7800   C     11911.2 13821.2     420     420   14244   14244   C       13046   15138     460     460   15600   15600
  2466.7   329.1      75    2542    2542            6789    7569    1010     230    7800    7800           12397 13821.2  1844.2     420   14244   14244         13578.1   15138  2019.9     460   15600   15600
  2466.7      75      75    2542    2542   D           0    7569     230     230    7800    7800   D           0 13821.2     420     420   14244   14244   D           0   15138     460     460   15600   15600
  2466.7   325.9      75    2542    2542             266    7569    1000     230    7800    7800           485.7 13821.2    1826     420   14244   14244             532   15138    2000     460   15600   15600
   844.1      75      75    2542    2542   E        3300    2590     230     230    7800    7800   E      6025.9  4729.4     420     420   14244   14244   E        6600    5180     460     460   15600   15600
   844.1   325.9      75    2542    2542            3566    2590    1000     230    7800    7800          6511.6  4729.4    1826     420   14244   14244            7132    5180    2000     460   15600   15600
  1275.2      75      75    2542    2542   F        3300    3913     230     230    7800    7800   F      6025.9  7145.3     420     420   14244   14244   F      6600.1  7826.1     460     460   15600   15600
  1275.2   325.9      75    2542    2542            3566    3913    1000     230    7800    7800          6511.6  7145.3    1826     420   14244   14244            7132    7826    2000     460   15600   15600
  1726.9      75      75    2542    2542   G        3300    5299     230     230    7800    7800   G      6025.9  9676.1     420     420   14244   14244   G        6600   10598     460     460   15600   15600
  1726.9   325.9      75    2542    2542            3566    5299    1000     230    7800    7800          6511.6  9676.1    1826     420   14244   14244            7132   10598    2000     460   15600   15600
